Bus
Bus
-3.915717,4.9799395,9.106346
1.5610195,0.427365,10.466252
-4.0976763,8.186973,5.0158525
-2.2960393,5.4384294,8.881291
-4.225766,4.0258503,8.8884735
0.94331545,-0.6404489,12.227188
-0.34596214,3.6739025,10.087969
0.21068975,0.545878,10.493786
-0.7338228,-0.1412579,10.858902
-4.277241,6.211756,7.5908165
Bus
1.009156,-1.3335704,13.402741
-1.7597382,5.2037973,8.931569
-3.2573113,7.3669586,7.3537903
Bus
2.3630772,4.559757,9.974244
0.34476504,3.3494883,10.143036
-1.9800048,5.427655,9.436746
-5.2887917,4.4316673,8.60117
0.079008654,1.9524715,12.187684
-2.9580362,1.7417817,10.001778
-0.50397944,-1.2449849,12.210428
-1.1432313,-0.7218518,10.5680065
-0.14963761,-0.053869538,10.767922
-1.365892,-1.6436194,17.161638
-11.420342,-0.39145198,2.7234044
0.18435353,0.3890578,11.874043
Bus
Bus
Bus
Bus
Bus
-4.6279917,-0.50876784,9.640253
-0.48722005,1.0151415,12.814964
Bus
1.7010803,8.378509,6.235698
-0.32800564,6.483498,8.4647
Bus
-5.3378725,1.8698715,11.003751
-1.6196774,-0.60812724,14.244303
-11.848905,-0.30645782,6.5924344
-2.8323407,5.505467,10.928333
-4.784812,6.9767036,6.633136
-5.2636523,6.8246717,6.8103065
Bus
Bus
Bus
Bus
Bus
Bus
Bus
Bus
2.0470424,1.8854338,11.471817
-0.089782566,-0.34476504,11.234792
-7.067683,4.292804,6.5445504
-2.7617116,6.8869214,7.715315
Bus
1.0833763,3.1603463,10.111911
1.5993267,-0.33399114,10.581175
0.61650693,-0.36631286,10.8948145
2.565387,0.04309563,10.785878
-0.090979666,6.5457473,8.968679
-4.0258503,6.730101,7.9870567
Bus
-4.5238442,11.461043,5.1080294
Bus
0.37229836,-1.3455414,12.562376
-0.61052144,0.031124622,11.4598465
Bus
-2.3463178,2.825158,9.718064
Bus
Bus
-1.7310078,1.447295,10.036493
0.7398083,1.1145009,10.131064
0.34356794,3.5685577,9.647436
0.11492168,2.6384103,9.556456
-1.6316484,3.4608185,9.7563715
1.4149733,1.3970166,10.33098
1.1432313,2.9759927,9.476251
-2.1260512,3.8774097,8.76996
-1.1755531,2.3810337,9.639056
Bus
Bus
Bus
-3.8654387,9.512163,4.8817773
-0.18674773,11.139024,5.744887
-9.337387,15.388731,16.47929
13.285425,-12.793417,-8.080431
-19.6133,-7.57286,-6.283582
-19.612701,-7.6387005,4.0581717
-19.6133,-12.559982,-2.2589293
7.3346367,8.058883,10.99178
-19.612701,-19.6133,-8.358158
14.805743,-6.813898,3.764882
-19.6133,-5.424064,-3.2429461
-19.612701,-14.068329,-7.028179
-19.612701,-13.444639,-6.3003416
-19.6133,-6.1243677,-7.2304893
-18.762161,-9.267955,-8.738836
-4.321534,7.181408,8.323442
-0.51834464,8.2037325,7.431602
6.554127,7.905654,4.050989
-4.1599255,3.477578,18.334797
Bus
Bus
5.297171,8.875306,6.5457473
1.1994951,7.699753,8.0684595
11.196485,-2.0805612,7.9571295
-7.7464395,9.809045,11.671733
-9.630676,10.921151,11.058818
14.332889,1.1851299,2.847903
-12.360066,7.1514807,13.385982
-17.805677,9.121908,13.949816
15.759832,-0.90859956,2.837129
-6.4870896,5.5341973,11.510124
-14.259866,9.434352,10.923545
14.4454155,0.14963761,2.585738
-12.294226,11.067198,11.620258
-8.421604,8.677784,12.410344
-11.572374,8.992621,9.799467
-11.83813,8.543709,9.89763
-8.39048,8.520964,9.260772
-9.343372,8.701726,9.283517
-10.888829,8.552089,10.081984
-3.2728736,7.4962454,9.569624
-10.935516,9.027337,9.878476
-7.7787614,9.623494,8.119935
-6.991069,8.980651,7.5644803
-2.1751323,7.9691005,6.9383965
-2.4839842,7.9236107,7.443573
0.44891283,5.8442464,11.657368
0.010773907,4.380192,9.952697
Bus
